C version:
Accepted by target grammar: 0 1
Accepted by target grammar: 0 0 1 1
Accepted by target grammar: 0 0 0 1 1 1
Processing input: 0 1 
0 seconds
Processing input: 0 0 1 1 
0.001 seconds
Processing input: 0 0 0 1 1 1 
0.002 seconds

0.006 seconds

CBFG Grammar:
  Lexical rules:
    (,1),(,0 1 1),(0,1 1),(,0 0 1 1 1),(0,0 1 1 1),(0 0,1 1 1)  ->  0
    (0,),(0 0,1),(0 0 1,),(0 0 0,1 1),(0 0 0 1,1),(0 0 0 1 1,)  ->  1
  Nonlexical rules:
    (,),(0,1),(0 0,1 1)  ->  (,1),(,0 1 1),(0,1 1),(,0 0 1 1 1),(0,0 1 1 1),(0 0,1 1 1)     (0,),(0 0,1),(0 0 1,),(0 0 0,1 1),(0 0 0 1,1),(0 0 0 1 1,)
    (,1 1),(,0 1 1 1),(0,1 1 1)  ->  (,1),(,0 1 1),(0,1 1),(,0 0 1 1 1),(0,0 1 1 1),(0 0,1 1 1)     (,1),(,0 1 1),(0,1 1),(,0 0 1 1 1),(0,0 1 1 1),(0 0,1 1 1)
    (,1),(0,1 1),(0 0,1 1 1)  ->  (,1),(,0 1 1),(0,1 1),(,0 0 1 1 1),(0,0 1 1 1),(0 0,1 1 1)     (,),(0,1),(0 0,1 1)
    (,1),(0,1 1),(0 0,1 1 1)  ->  (,1 1),(,0 1 1 1),(0,1 1 1)     (0,),(0 0,1),(0 0 1,),(0 0 0,1 1),(0 0 0 1,1),(0 0 0 1 1,)
    (,),(0,1),(0 0,1 1)  ->  (,1),(,0 1 1),(0,1 1),(,0 0 1 1 1),(0,0 1 1 1),(0 0,1 1 1)     (0,),(0 0,1),(0 0 0,1 1)
    (,),(0,1),(0 0,1 1)  ->  (,1 1),(,0 1 1 1),(0,1 1 1)     (0 0,),(0 0 0,1),(0 0 0 1,)
    (,),(0,1),(0 0,1 1)  ->  (,1),(0,1 1),(0 0,1 1 1)     (0,),(0 0,1),(0 0 1,),(0 0 0,1 1),(0 0 0 1,1),(0 0 0 1 1,)
    (0,),(0 0,1),(0 0 0,1 1)  ->  (,1),(,0 1 1),(0,1 1),(,0 0 1 1 1),(0,0 1 1 1),(0 0,1 1 1)     (0 0,),(0 0 0,1),(0 0 0 1,)
    (0,),(0 0,1),(0 0 0,1 1)  ->  (,),(0,1),(0 0,1 1)     (0,),(0 0,1),(0 0 1,),(0 0 0,1 1),(0 0 0 1,1),(0 0 0 1 1,)
    (0 0,),(0 0 0,1),(0 0 0 1,)  ->  (0,),(0 0,1),(0 0 1,),(0 0 0,1 1),(0 0 0 1,1),(0 0 0 1 1,)     (0,),(0 0,1),(0 0 1,),(0 0 0,1 1),(0 0 0 1,1),(0 0 0 1 1,)

12 rules in grammar

Accepted by leaner's grammar: 0 1
Accepted by leaner's grammar: 0 0 1 1
Accepted by leaner's grammar: 0 0 0 1 1 1

73 queries to oracle




Python version:
checking sample with target grammar...
Accepted by target grammar : 0 1
Accepted by target grammar : 0 0 1 1
Accepted by target grammar : 0 0 0 1 1 1
processing input: ['0', '1']
0.0 seconds
processing input: ['0', '0', '1', '1']
0.0 seconds
processing input: ['0', '0', '0', '1', '1', '1']
0.000999927520752 seconds

0.010999917984 seconds

	(,1),(,0 1 1),(0,1 1),(,0 0 1 1 1),(0,0 1 1 1),(0 0,1 1 1)  ->  0
	(0,),(0 0,1),(0 0 1,),(0 0 0,1 1),(0 0 0 1,1),(0 0 0 1 1,)  ->  1
	(,),(0,1),(0 0,1 1)  ->  (,1),(,0 1 1),(0,1 1),(,0 0 1 1 1),(0,0 1 1 1),(0 0,1 1 1)     (0,),(0 0,1),(0 0 1,),(0 0 0,1 1),(0 0 0 1,1),(0 0 0 1 1,)
	(,1 1),(,0 1 1 1),(0,1 1 1)  ->  (,1),(,0 1 1),(0,1 1),(,0 0 1 1 1),(0,0 1 1 1),(0 0,1 1 1)     (,1),(,0 1 1),(0,1 1),(,0 0 1 1 1),(0,0 1 1 1),(0 0,1 1 1)
	(,1),(0,1 1),(0 0,1 1 1)  ->  (,1),(,0 1 1),(0,1 1),(,0 0 1 1 1),(0,0 1 1 1),(0 0,1 1 1)     (,),(0,1),(0 0,1 1)
	(,1),(0,1 1),(0 0,1 1 1)  ->  (,1 1),(,0 1 1 1),(0,1 1 1)     (0,),(0 0,1),(0 0 1,),(0 0 0,1 1),(0 0 0 1,1),(0 0 0 1 1,)
	(,),(0,1),(0 0,1 1)  ->  (,1),(,0 1 1),(0,1 1),(,0 0 1 1 1),(0,0 1 1 1),(0 0,1 1 1)     (0,),(0 0,1),(0 0 0,1 1)
	(,),(0,1),(0 0,1 1)  ->  (,1 1),(,0 1 1 1),(0,1 1 1)     (0 0,),(0 0 0,1),(0 0 0 1,)
	(,),(0,1),(0 0,1 1)  ->  (,1),(0,1 1),(0 0,1 1 1)     (0,),(0 0,1),(0 0 1,),(0 0 0,1 1),(0 0 0 1,1),(0 0 0 1 1,)
	(0,),(0 0,1),(0 0 0,1 1)  ->  (,1),(,0 1 1),(0,1 1),(,0 0 1 1 1),(0,0 1 1 1),(0 0,1 1 1)     (0 0,),(0 0 0,1),(0 0 0 1,)
	(0,),(0 0,1),(0 0 0,1 1)  ->  (,),(0,1),(0 0,1 1)     (0,),(0 0,1),(0 0 1,),(0 0 0,1 1),(0 0 0 1,1),(0 0 0 1 1,)
	(0 0,),(0 0 0,1),(0 0 0 1,)  ->  (0,),(0 0,1),(0 0 1,),(0 0 0,1 1),(0 0 0 1,1),(0 0 0 1 1,)     (0,),(0 0,1),(0 0 1,),(0 0 0,1 1),(0 0 0 1,1),(0 0 0 1 1,)
	(,1 1 1)  ->  (,1),(,0 1 1),(0,1 1),(,0 0 1 1 1),(0,0 1 1 1),(0 0,1 1 1)     (,1 1),(,0 1 1 1),(0,1 1 1)
	(,1 1 1)  ->  (,1 1),(,0 1 1 1),(0,1 1 1)     (,1),(,0 1 1),(0,1 1),(,0 0 1 1 1),(0,0 1 1 1),(0 0,1 1 1)
	(,1 1),(0,1 1 1)  ->  (,1),(,0 1 1),(0,1 1),(,0 0 1 1 1),(0,0 1 1 1),(0 0,1 1 1)     (,1),(0,1 1),(0 0,1 1 1)
	(,1 1),(0,1 1 1)  ->  (,1 1),(,0 1 1 1),(0,1 1 1)     (,),(0,1),(0 0,1 1)
	(,1 1),(0,1 1 1)  ->  (,1 1 1)     (0,),(0 0,1),(0 0 1,),(0 0 0,1 1),(0 0 0 1,1),(0 0 0 1 1,)
	(,1),(0,1 1),(0 0,1 1 1)  ->  (,1 1),(,0 1 1 1),(0,1 1 1)     (0,),(0 0,1),(0 0 0,1 1)
	(,1),(0,1 1),(0 0,1 1 1)  ->  (,1 1 1)     (0 0,),(0 0 0,1),(0 0 0 1,)
	(,1),(0,1 1),(0 0,1 1 1)  ->  (,1 1),(0,1 1 1)     (0,),(0 0,1),(0 0 1,),(0 0 0,1 1),(0 0 0 1,1),(0 0 0 1 1,)
	(,),(0,1),(0 0,1 1)  ->  (,1 1),(,0 1 1 1),(0,1 1 1)     (0 0,),(0 0 0,1)
	(,),(0,1),(0 0,1 1)  ->  (,1 1 1)     (0 0 0,)
	(,),(0,1),(0 0,1 1)  ->  (,1 1),(0,1 1 1)     (0 0,),(0 0 0,1),(0 0 0 1,)
	(0,),(0 0,1),(0 0 0,1 1)  ->  (,1),(,0 1 1),(0,1 1),(,0 0 1 1 1),(0,0 1 1 1),(0 0,1 1 1)     (0 0,),(0 0 0,1)
	(0,),(0 0,1),(0 0 0,1 1)  ->  (,1 1),(,0 1 1 1),(0,1 1 1)     (0 0 0,)
	(0,),(0 0,1),(0 0 0,1 1)  ->  (,1),(0,1 1),(0 0,1 1 1)     (0 0,),(0 0 0,1),(0 0 0 1,)
	(0 0,),(0 0 0,1)  ->  (,1),(,0 1 1),(0,1 1),(,0 0 1 1 1),(0,0 1 1 1),(0 0,1 1 1)     (0 0 0,)
	(0 0,),(0 0 0,1)  ->  (,),(0,1),(0 0,1 1)     (0 0,),(0 0 0,1),(0 0 0 1,)
	(0 0,),(0 0 0,1)  ->  (0,),(0 0,1),(0 0 0,1 1)     (0,),(0 0,1),(0 0 1,),(0 0 0,1 1),(0 0 0 1,1),(0 0 0 1 1,)
	(0 0 0,)  ->  (0,),(0 0,1),(0 0 1,),(0 0 0,1 1),(0 0 0 1,1),(0 0 0 1 1,)     (0 0,),(0 0 0,1),(0 0 0 1,)
	(0 0 0,)  ->  (0 0,),(0 0 0,1),(0 0 0 1,)     (0,),(0 0,1),(0 0 1,),(0 0 0,1 1),(0 0 0 1,1),(0 0 0 1 1,)

31 rules in grammar

Accepted by learner's grammar : 0 1
Accepted by learner's grammar : 0 0 1 1
Accepted by learner's grammar : 0 0 0 1 1 1

116 queries to oracle